# this function calculate my_minmax function running time
# @author: Nagmun Nahar Onu
# version 1
import time


def my_minmax(sequence):
    # set the first element of the sequence as minimum and maximum value
    my_min = sequence[0]
    my_max = sequence[0]
    if len(sequence) > 1:
        for i in range(len(sequence)):
            for j in range(i + 1, len(sequence)):
                if sequence[i] >= sequence[j]:
                    if my_max < sequence[i]:
                        my_max = sequence[i]
                    if my_min > sequence[j]:
                        my_min = sequence[j]
                else:
                    if my_max < sequence[j]:
                        my_max = sequence[j]
                    if my_min > sequence[i]:
                        my_min = sequence[i]
    result = (my_min, my_max)
    #print(result)

# this function calculate running time
def test_run(my_list):
    start = time.time()
    my_minmax(my_list)
    end = time.time()
    print("Input size", len(my_list), "The time taken is ", end - start, "seconds.")


# driver code
my_list1 = [1, 2, 3, 5, 1, 2, 3, 5, 1, 2, 3, 5, 1, 2, 3, 5,
            1, 2, 3, 5, 1, 2, 3, 5, 1, 2, 3, 5, 1, 2, 3, 5,
            1, 2, 3, 5, 1, 2, 3, 5, 1, 2, 3, 5, 1, 2, 3, 5,
            1, 2, 3, 5, 1, 2, 3, 5, 1, 2, 3, 5, 1, 2, 3, 5,
            1, 2, 3, 5, 1, 2, 3, 5, 1, 2, 3, 5, 1, 2, 3, 500,
            1, 2, 3, 5, 1, 2, 3, 5, 1, 2, 3, 5, 1, 2, 3, 5,
            1, 2, 3, 5, 1, 2, 3, 5, 1, 2, 3, 5, 1, 2, 3, 5,
            1, 2, 3, 5, 1, 2, 3, 5, 1, 2, 3, 5, 1, 2, 3, 5,
            1, 2, 3, 5, 1, 2, 3, 5, 1, 2, 3, 5, 1, 2, 3, 5]

test_run(my_list1)
my_list2 = [1, 2, 3, 5, 1, 2, 3, 5, 1, 2, 3, 5, 1, 2, 3, 5,
            1, 2, 3, 5, 1, 2, 3, 5, 1, 2, 3, 5, 1, 2, 3, 5,
            1, 2, 3, 5, 1, 2, 3, 5, 1, 2, 3, 5, 1, 2, 3, 5,
            1, 2, 3, 5, 1, 2, 3, 5, 1, 2, 3, 5, 1, 2, 3, 5,
            1, 2, 3, 5, 1, 2, 3, 5, 1, 2, 3, 5, 1, 2, 3, 500,
            1, 2, 3, 5, 1, 2, 3, 5, 1, 2, 3, 5, 1, 2, 3, 5,
            1, 2, 3, 5, 1, 2, 3, 5, 1, 2, 3, 5, 1, 2, 3, 5,
            1, 2, 3, 5, 1, 2, 3, 5, 1, 2, 3, 5, 1, 2, 3, 5,
            1, 2, 3, 5, 1, 2, 3, 5, 1, 2, 3, 5, 1, 2, 3, 5,
            1, 2, 3, 5, 1, 2, 3, 5, 1, 2, 3, 5, 1, 2, 3, 5,
            1, 2, 3, 5, 1, 2, 3, 5, 1, 2, 3, 5, 1, 2, 3, 5,
            1, 2, 3, 5, 1, 2, 3, 5, 1, 2, 3, 5, 1, 2, 3, 5,
            1, 2, 3, 5, 1, 2, 3, 5, 1, 2, 3, 5, 1, 2, 3, 5,
            1, 2, 3, 5, 1, 2, 3, 5, 1, 2, 3, 5, 1, 2, 3, 500,
            1, 2, 3, 5, 1, 2, 3, 5, 1, 2, 3, 5, 1, 2, 3, 5,
            1, 2, 3, 5, 1, 2, 3, 5, 1, 2, 3, 5, 1, 2, 3, 5,
            1, 2, 3, 5, 1, 2, 3, 5, 1, 2, 3, 5, 1, 2, 3, 5,
            1, 2, 3, 5, 1, 2, 3, 5, 1, 2, 3, 5, 1, 2, 3, 5]
test_run(my_list2)
my_list3 = [1, 2, 3, 5, 1, 2, 3, 5, 1, 2, 3, 5, 1, 2, 3, 5,
            1, 2, 3, 5, 1, 2, 3, 5, 1, 2, 3, 5, 1, 2, 3, 5,
            1, 2, 3, 5, 1, 2, 3, 5, 1, 2, 3, 5, 1, 2, 3, 5,
            1, 2, 3, 5, 1, 2, 3, 5, 1, 2, 3, 5, 1, 2, 3, 5,
            1, 2, 3, 5, 1, 2, 3, 5, 1, 2, 3, 5, 1, 2, 3, 500,
            1, 2, 3, 5, 1, 2, 3, 5, 1, 2, 3, 5, 1, 2, 3, 5,
            1, 2, 3, 5, 1, 2, 3, 5, 1, 2, 3, 5, 1, 2, 3, 5,
            1, 2, 3, 5, 1, 2, 3, 5, 1, 2, 3, 5, 1, 2, 3, 5,
            1, 2, 3, 5, 1, 2, 3, 5, 1, 2, 3, 5, 1, 2, 3, 5,
            1, 2, 3, 5, 1, 2, 3, 5, 1, 2, 3, 5, 1, 2, 3, 5,
            1, 2, 3, 5, 1, 2, 3, 5, 1, 2, 3, 5, 1, 2, 3, 5,
            1, 2, 3, 5, 1, 2, 3, 5, 1, 2, 3, 5, 1, 2, 3, 5,
            1, 2, 3, 5, 1, 2, 3, 5, 1, 2, 3, 5, 1, 2, 3, 5,
            1, 2, 3, 5, 1, 2, 3, 5, 1, 2, 3, 5, 1, 2, 3, 500,
            1, 2, 3, 5, 1, 2, 3, 5, 1, 2, 3, 5, 1, 2, 3, 5,
            1, 2, 3, 5, 1, 2, 3, 5, 1, 2, 3, 5, 1, 2, 3, 5,
            1, 2, 3, 5, 1, 2, 3, 5, 1, 2, 3, 5, 1, 2, 3, 5,
            1, 2, 3, 5, 1, 2, 3, 5, 1, 2, 3, 5, 1, 2, 3, 5,
            1, 2, 3, 5, 1, 2, 3, 5, 1, 2, 3, 5, 1, 2, 3, 5,
            1, 2, 3, 5, 1, 2, 3, 5, 1, 2, 3, 5, 1, 2, 3, 5,
            1, 2, 3, 5, 1, 2, 3, 5, 1, 2, 3, 5, 1, 2, 3, 5,
            1, 2, 3, 5, 1, 2, 3, 5, 1, 2, 3, 5, 1, 2, 3, 5,
            1, 2, 3, 5, 1, 2, 3, 5, 1, 2, 3, 5, 1, 2, 3, 500,
            1, 2, 3, 5, 1, 2, 3, 5, 1, 2, 3, 5, 1, 2, 3, 5,
            1, 2, 3, 5, 1, 2, 3, 5, 1, 2, 3, 5, 1, 2, 3, 5,
            1, 2, 3, 5, 1, 2, 3, 5, 1, 2, 3, 5, 1, 2, 3, 5,
            1, 2, 3, 5, 1, 2, 3, 5, 1, 2, 3, 5, 1, 2, 3, 5,
            1, 2, 3, 5, 1, 2, 3, 5, 1, 2, 3, 5, 1, 2, 3, 5,
            1, 2, 3, 5, 1, 2, 3, 5, 1, 2, 3, 5, 1, 2, 3, 5,
            1, 2, 3, 5, 1, 2, 3, 5, 1, 2, 3, 5, 1, 2, 3, 5,
            1, 2, 3, 5, 1, 2, 3, 5, 1, 2, 3, 5, 1, 2, 3, 5,
            1, 2, 3, 5, 1, 2, 3, 5, 1, 2, 3, 5, 1, 2, 3, 500,
            1, 2, 3, 5, 1, 2, 3, 5, 1, 2, 3, 5, 1, 2, 3, 5,
            1, 2, 3, 5, 1, 2, 3, 5, 1, 2, 3, 5, 1, 2, 3, 5,
            1, 2, 3, 5, 1, 2, 3, 5, 1, 2, 3, 5, 1, 2, 3, 5,
            1, 2, 3, 5, 1, 2, 3, 5, 1, 2, 3, 5, 1, 2, 3, 5]
test_run(my_list3)
my_list5 = [1, 2, 3, 5, 1, 2, 3, 5, 1, 2, 3, 5, 1, 2, 3, 5,
            1, 2, 3, 5, 1, 2, 3, 5, 1, 2, 3, 5, 1, 2, 3, 5,
            1, 2, 3, 5, 1, 2, 3, 5, 1, 2, 3, 5, 1, 2, 3, 5,
            1, 2, 3, 5, 1, 2, 3, 5, 1, 2, 3, 5, 1, 2, 3, 5,
            1, 2, 3, 5, 1, 2, 3, 5, 1, 2, 3, 5, 1, 2, 3, 500,
            1, 2, 3, 5, 1, 2, 3, 5, 1, 2, 3, 5, 1, 2, 3, 5,
            1, 2, 3, 5, 1, 2, 3, 5, 1, 2, 3, 5, 1, 2, 3, 5,
            1, 2, 3, 5, 1, 2, 3, 5, 1, 2, 3, 5, 1, 2, 3, 5,
            1, 2, 3, 5, 1, 2, 3, 5, 1, 2, 3, 5, 1, 2, 3, 5,
            1, 2, 3, 5, 1, 2, 3, 5, 1, 2, 3, 5, 1, 2, 3, 5,
            1, 2, 3, 5, 1, 2, 3, 5, 1, 2, 3, 5, 1, 2, 3, 5,
            1, 2, 3, 5, 1, 2, 3, 5, 1, 2, 3, 5, 1, 2, 3, 5,
            1, 2, 3, 5, 1, 2, 3, 5, 1, 2, 3, 5, 1, 2, 3, 5,
            1, 2, 3, 5, 1, 2, 3, 5, 1, 2, 3, 5, 1, 2, 3, 500,
            1, 2, 3, 5, 1, 2, 3, 5, 1, 2, 3, 5, 1, 2, 3, 5,
            1, 2, 3, 5, 1, 2, 3, 5, 1, 2, 3, 5, 1, 2, 3, 5,
            1, 2, 3, 5, 1, 2, 3, 5, 1, 2, 3, 5, 1, 2, 3, 5,
            1, 2, 3, 5, 1, 2, 3, 5, 1, 2, 3, 5, 1, 2, 3, 5,
            1, 2, 3, 5, 1, 2, 3, 5, 1, 2, 3, 5, 1, 2, 3, 5,
            1, 2, 3, 5, 1, 2, 3, 5, 1, 2, 3, 5, 1, 2, 3, 5,
            1, 2, 3, 5, 1, 2, 3, 5, 1, 2, 3, 5, 1, 2, 3, 5,
            1, 2, 3, 5, 1, 2, 3, 5, 1, 2, 3, 5, 1, 2, 3, 5,
            1, 2, 3, 5, 1, 2, 3, 5, 1, 2, 3, 5, 1, 2, 3, 500,
            1, 2, 3, 5, 1, 2, 3, 5, 1, 2, 3, 5, 1, 2, 3, 5,
            1, 2, 3, 5, 1, 2, 3, 5, 1, 2, 3, 5, 1, 2, 3, 5,
            1, 2, 3, 5, 1, 2, 3, 5, 1, 2, 3, 5, 1, 2, 3, 5,
            1, 2, 3, 5, 1, 2, 3, 5, 1, 2, 3, 5, 1, 2, 3, 5,
            1, 2, 3, 5, 1, 2, 3, 5, 1, 2, 3, 5, 1, 2, 3, 5,
            1, 2, 3, 5, 1, 2, 3, 5, 1, 2, 3, 5, 1, 2, 3, 5,
            1, 2, 3, 5, 1, 2, 3, 5, 1, 2, 3, 5, 1, 2, 3, 5,
            1, 2, 3, 5, 1, 2, 3, 5, 1, 2, 3, 5, 1, 2, 3, 5,
            1, 2, 3, 5, 1, 2, 3, 5, 1, 2, 3, 5, 1, 2, 3, 500,
            1, 2, 3, 5, 1, 2, 3, 5, 1, 2, 3, 5, 1, 2, 3, 5,
            1, 2, 3, 5, 1, 2, 3, 5, 1, 2, 3, 5, 1, 2, 3, 5,
            1, 2, 3, 5, 1, 2, 3, 5, 1, 2, 3, 5, 1, 2, 3, 5,
            1, 2, 3, 5, 1, 2, 3, 5, 1, 2, 3, 5, 1, 2, 3, 5,
            1, 2, 3, 5, 1, 2, 3, 5, 1, 2, 3, 5, 1, 2, 3, 5,
            1, 2, 3, 5, 1, 2, 3, 5, 1, 2, 3, 5, 1, 2, 3, 5,
            1, 2, 3, 5, 1, 2, 3, 5, 1, 2, 3, 5, 1, 2, 3, 5,
            1, 2, 3, 5, 1, 2, 3, 5, 1, 2, 3, 5, 1, 2, 3, 5,
            1, 2, 3, 5, 1, 2, 3, 5, 1, 2, 3, 5, 1, 2, 3, 500,
            1, 2, 3, 5, 1, 2, 3, 5, 1, 2, 3, 5, 1, 2, 3, 5,
            1, 2, 3, 5, 1, 2, 3, 5, 1, 2, 3, 5, 1, 2, 3, 5,
            1, 2, 3, 5, 1, 2, 3, 5, 1, 2, 3, 5, 1, 2, 3, 5,
            1, 2, 3, 5, 1, 2, 3, 5, 1, 2, 3, 5, 1, 2, 3, 5,
            1, 2, 3, 5, 1, 2, 3, 5, 1, 2, 3, 5, 1, 2, 3, 5,
            1, 2, 3, 5, 1, 2, 3, 5, 1, 2, 3, 5, 1, 2, 3, 5,
            1, 2, 3, 5, 1, 2, 3, 5, 1, 2, 3, 5, 1, 2, 3, 5,
            1, 2, 3, 5, 1, 2, 3, 5, 1, 2, 3, 5, 1, 2, 3, 5,
            1, 2, 3, 5, 1, 2, 3, 5, 1, 2, 3, 5, 1, 2, 3, 500,
            1, 2, 3, 5, 1, 2, 3, 5, 1, 2, 3, 5, 1, 2, 3, 5,
            1, 2, 3, 5, 1, 2, 3, 5, 1, 2, 3, 5, 1, 2, 3, 5,
            1, 2, 3, 5, 1, 2, 3, 5, 1, 2, 3, 5, 1, 2, 3, 5,
            1, 2, 3, 5, 1, 2, 3, 5, 1, 2, 3, 5, 1, 2, 3, 5,
            1, 2, 3, 5, 1, 2, 3, 5, 1, 2, 3, 5, 1, 2, 3, 5,
            1, 2, 3, 5, 1, 2, 3, 5, 1, 2, 3, 5, 1, 2, 3, 5,
            1, 2, 3, 5, 1, 2, 3, 5, 1, 2, 3, 5, 1, 2, 3, 5,
            1, 2, 3, 5, 1, 2, 3, 5, 1, 2, 3, 5, 1, 2, 3, 5,
            1, 2, 3, 5, 1, 2, 3, 5, 1, 2, 3, 5, 1, 2, 3, 500,
            1, 2, 3, 5, 1, 2, 3, 5, 1, 2, 3, 5, 1, 2, 3, 5,
            1, 2, 3, 5, 1, 2, 3, 5, 1, 2, 3, 5, 1, 2, 3, 5,
            1, 2, 3, 5, 1, 2, 3, 5, 1, 2, 3, 5, 1, 2, 3, 5,
            1, 2, 3, 5, 1, 2, 3, 5, 1, 2, 3, 5, 1, 2, 3, 5,
            1, 2, 3, 5, 1, 2, 3, 5, 1, 2, 3, 5, 1, 2, 3, 5,
            1, 2, 3, 5, 1, 2, 3, 5, 1, 2, 3, 5, 1, 2, 3, 5,
            1, 2, 3, 5, 1, 2, 3, 5, 1, 2, 3, 5, 1, 2, 3, 5,
            1, 2, 3, 5, 1, 2, 3, 5, 1, 2, 3, 5, 1, 2, 3, 5,
            1, 2, 3, 5, 1, 2, 3, 5, 1, 2, 3, 5, 1, 2, 3, 500,
            1, 2, 3, 5, 1, 2, 3, 5, 1, 2, 3, 5, 1, 2, 3, 5,
            1, 2, 3, 5, 1, 2, 3, 5, 1, 2, 3, 5, 1, 2, 3, 5,
            1, 2, 3, 5, 1, 2, 3, 5, 1, 2, 3, 5, 1, 2, 3, 5,
            1, 2, 3, 5, 1, 2, 3, 5, 1, 2, 3, 5, 1, 2, 3, 5]
test_run(my_list5)

